sensitivity=0.404500
volume=0.400000
